50 


53.80  132.06 


709.27  303.91 


859.40  135.81 


664.35  600.61 


994.80  847.32 


106.05  137.71 


501.08  491.10 


651.83  653.78 


672.29  67.39 


812.35  84.20 


334.74  122.73 


532.43  13.72 


157.76  175.80 


811.11  885.05 


191.26  250.92 


140.40  258.22 


633.48  762.16 


34.33  315.49 


780.27  428.85 


216.22  296.19 


558.49  17.30 


131.46  490.59 


68.82  830.74 


794.13  502.60 


90.94  675.55 


509.66  850.99 


941.68  877.59 


149.91  170.30 


723.86  505.16 


619.18  305.89 


596.82  47.33 


444.39  278.42 


785.82  401.86 


232.00  718.45 


342.50  649.81 


94.64  305.93 


665.44  498.59 


323.31  372.64 


781.12  361.87 


942.12  32.41 


334.00  357.21 


86.33  430.65 


681.96  108.12 


17.25  767.16 


522.49  997.73 


481.79  309.53 


363.33  388.82 


959.26  250.46 


980.80  38.62 


383.76  483.99 


11.338691 27.049309 1.092956 1.268262 0.622311 0.793147 0.892294 5.352999 14.515230 8.571938 10.395252 3.250363 0.661074 1.131353 0.732202 1.807682 15.109355 0.563488 6.286445 0.559896 0.648975 0.721773 11.590048 0.830565 0.609477 0.912542 0.585721 0.331230 2.844440 57.981972 1.865129 6.010641 1.204572 0.771072 0.988628 45.312473 1.056156 4.059422 7.101633 98.631958 0.743170 5.918380 126.666168 5.986607 0.735519 64.918274 6.206716 64.373497 11.775661 85.860252 


4.240116 48.730942 7.751696 0.864695 14.183644 0.854337 5.578964 15.227870 11.819140 119.681526 7.383272 0.772499 0.911506 1.192405 0.953951 1.630090 6.799398 1.027075 8.531311 0.890530 1.007752 0.932488 11.148150 0.695262 3.018361 7.949046 0.920695 5.103415 0.575160 4.407245 11.045684 0.894146 0.687008 0.857275 1.276238 135.688690 7.828455 0.590422 12.578008 9.860512 6.274223 0.902277 9.946503 1.212471 1.004358 12.557669 10.553259 11.641620 55.340305 7.413654 


61.001987 50.717896 39.105827 10.198729 2.853853 94.840256 9.371088 73.577896 111.003250 85.173492 20.927631 8.073924 6.655418 34.777184 7.523226 38.243336 11.967357 6.106093 57.431503 9.703803 9.822465 9.306837 19.176008 6.714921 10.112756 7.090103 5.836599 107.139687 68.882385 127.731766 13.411539 7.677807 11.041835 22.993988 98.619926 127.230865 4.314210 3.394539 22.111301 47.352192 8.009105 8.017707 106.818703 55.745926 37.445244 14.311129 81.181595 7.319056 187.029953 14.008842 


78.857239 10.026595 0.988156 1.094239 3.660826 8.930463 0.747908 12.786640 13.925432 5.711822 138.475891 1.048904 1.041172 1.667533 1.505778 1.140352 14.247212 9.213479 14.010355 10.483509 0.915975 2.138274 122.726952 0.449648 0.829243 0.847820 0.423548 1.908135 0.733682 11.281092 5.753653 0.695958 4.990860 7.684162 7.956546 14.000356 1.776202 1.647237 74.860954 111.256615 0.895921 2.367345 17.398428 0.730007 1.440065 9.669706 51.907310 93.245293 5.913373 13.372153 


17.255091 14.819685 9.756379 9.685254 12.962673 1.656385 34.922523 15.984001 123.102455 12.406881 125.971062 11.459664 3.814380 52.887901 14.835183 6.135267 15.402087 7.183004 97.812164 43.070522 10.272684 68.603218 97.805756 42.669777 72.327393 84.355774 35.562996 10.554479 40.402603 107.221985 60.298519 4.224046 10.731015 1.629603 13.952291 16.857832 10.355511 4.352962 21.159065 107.298180 66.933136 5.697073 106.666748 6.052489 9.975051 114.288567 35.536823 109.867043 61.620842 15.452317 


4.739665 37.187412 1.327795 0.862399 14.306628 3.975296 1.126316 9.441914 13.454424 7.179619 11.252794 1.279870 2.912399 3.414187 0.567300 1.461178 64.260811 1.143097 37.747097 1.189604 0.615117 1.199408 27.115559 0.486040 1.251742 0.462193 1.339076 0.906396 7.010478 3.030992 16.311798 0.974703 11.181238 12.528224 5.584357 113.441895 1.093912 0.992905 7.412969 32.585361 2.977604 1.107946 66.209793 1.316351 1.040034 10.503645 7.060820 25.216110 93.851852 12.723759 


3.822869 50.408154 1.605363 1.921996 1.036542 5.900569 0.697764 10.219687 4.943231 10.564042 8.154273 9.017772 2.088746 0.586291 2.649518 0.392720 10.482387 1.114573 84.364136 0.910675 1.616528 4.091980 109.584114 1.043560 0.575602 1.202126 1.061808 1.247910 2.391961 2.518682 94.826942 0.643387 11.851360 0.610608 5.043970 11.704257 1.254866 3.836339 10.537497 6.484809 1.276330 2.206609 76.311310 4.647398 0.231223 7.851786 12.878339 5.575009 5.358221 130.264984 


15.058712 76.343063 110.799286 6.249071 7.978745 74.451065 10.556516 147.137253 13.477072 59.411770 17.811275 9.292745 65.157181 17.014612 8.159522 11.008746 17.449339 16.560642 146.219025 111.118614 6.030587 12.151098 108.852478 9.982064 6.747946 4.960288 9.823586 5.026672 107.488426 61.672211 17.525093 96.682655 73.775879 12.018755 10.307287 143.703430 11.469893 14.212211 13.953556 19.213959 11.105159 13.485934 68.806503 7.680531 50.535179 20.155796 12.750042 58.829960 123.653824 18.523125 


10.324362 118.758804 0.343799 0.691864 0.797157 0.628522 0.757235 14.019645 8.422964 59.233498 12.487064 0.652554 0.893745 2.552756 1.229991 1.163763 5.581905 1.161134 15.452629 5.163103 6.234644 7.767288 7.002961 0.671881 5.831417 0.637013 0.745808 4.262193 3.115281 102.969414 2.863214 0.690056 0.898900 0.828927 4.466322 126.404732 3.947879 5.383851 10.812482 5.166439 3.493485 3.881699 13.759698 0.728581 0.585326 5.703207 3.235626 8.659499 43.310276 13.240627 


9.215567 9.442256 0.930649 0.920776 4.020096 0.626945 0.592650 131.132294 7.458282 76.980446 9.632083 0.681337 0.566325 0.413777 0.947858 0.455311 13.493069 0.423580 10.371653 0.856084 4.493175 3.195621 9.629019 0.629629 0.322051 3.138260 2.994735 5.144024 0.428354 75.833939 5.363921 5.800273 5.150281 1.205316 6.191412 11.878434 5.855639 4.786152 2.888159 10.109136 0.594291 0.791727 11.078771 1.012252 1.014493 5.896594 84.324181 11.684695 11.485003 8.032544 


15.121077 19.578474 9.243183 10.255554 12.806022 58.159279 136.404770 20.734085 16.215544 19.029634 15.770685 12.044340 12.966723 7.767665 11.722823 9.247407 65.751930 72.560097 153.708984 11.498798 90.009979 14.115095 119.997490 13.660775 83.016136 9.916978 139.445297 17.873251 5.681193 69.182938 23.710218 6.821017 7.001659 13.613673 121.404640 57.444630 13.819278 8.559146 16.965202 121.705139 105.197769 116.467773 13.315296 13.977935 18.828604 54.465683 123.911247 19.080858 21.678160 151.398514 


234.062317 19.793722 4.449249 127.807632 108.113518 10.174652 6.995726 167.984604 22.173979 13.325775 86.300652 3.939637 114.653061 11.353111 12.052515 8.772985 18.816286 7.247196 16.011518 55.385220 8.680916 8.427515 100.921127 51.463848 4.333065 13.168378 39.326515 11.229066 70.169189 19.977947 100.771744 48.842106 11.946104 4.363836 98.126617 114.679802 13.129157 7.951510 10.705311 64.813499 5.762515 8.228379 14.856488 4.429112 3.794643 16.446457 119.372116 14.827464 17.058050 74.875320 


12.341935 10.969226 1.428326 0.917145 1.118497 3.607626 1.038562 6.215965 16.004877 6.414767 49.833035 2.485444 0.417187 0.364981 0.853823 7.750699 14.327047 0.744164 4.002078 0.607781 0.963193 1.173435 7.739197 0.343885 6.045037 1.127812 0.340357 0.229240 0.546315 28.193666 37.275627 0.658476 0.741504 0.675215 0.655133 12.989322 0.712933 0.923879 6.281111 5.255864 0.809240 2.067471 5.769318 1.375125 1.836295 6.166766 7.192926 2.744797 109.855385 7.918749 


7.476992 216.355026 11.167621 20.470695 59.325165 87.742874 106.699570 104.032669 205.908798 14.005490 53.842510 125.223679 12.188048 17.413029 7.277220 90.561157 20.854523 12.666472 15.598828 4.093779 7.399537 12.196371 77.102951 70.643517 80.902153 11.627575 7.881009 80.676048 5.705705 113.183296 17.721216 12.064507 36.919384 74.134377 95.240776 83.968369 118.835960 6.178114 102.841675 100.885849 5.854320 65.718826 11.809306 6.095617 7.217382 33.363964 12.801361 19.004143 18.415127 67.147507 


13.442072 11.499770 12.277789 6.717877 1.201124 3.315040 0.744371 10.943713 7.993947 52.147999 104.631058 1.576431 2.017961 0.545177 1.237652 0.864302 8.547223 1.850347 24.884287 0.550561 7.191972 0.561028 113.321007 4.803524 0.978237 5.459779 2.442615 0.659752 4.480539 8.364607 82.834183 3.370258 0.570625 0.619800 0.618791 14.804335 1.500517 1.965092 4.031500 6.881997 0.620634 1.081259 4.646542 1.160968 0.718983 8.079495 89.021896 5.028467 11.237035 8.627969 


4.406250 85.503609 7.606168 0.616725 2.604563 5.480372 0.538888 10.121598 13.053191 14.868223 14.026802 4.076903 0.802503 0.784579 0.794128 0.642653 11.633231 0.360612 54.818264 1.853530 5.381439 0.749218 4.512264 0.671291 0.888328 0.818284 6.963258 0.798970 0.679298 9.267569 10.195082 0.819237 1.893385 3.632663 0.541666 6.470240 6.257474 0.447660 113.302185 33.643135 0.582163 3.590440 6.270486 0.918969 0.714890 108.230927 91.939453 84.752640 11.541849 10.296171 


3.709797 3.231330 0.947227 3.212883 5.743008 0.791035 0.833022 5.018788 134.414932 8.673952 11.547038 5.427360 1.796638 1.322449 0.921005 0.269178 82.390129 0.530283 11.741602 9.009657 0.478645 0.812119 63.466110 7.334547 7.741348 1.058014 0.890912 4.635138 0.635376 10.601895 4.047387 0.826594 0.794539 4.922308 8.122033 52.680256 1.133996 0.379602 112.994263 6.021466 0.490207 0.817334 123.247444 1.568877 1.248093 7.642024 101.524818 3.999592 93.264809 135.237274 


14.602839 91.610146 6.285185 0.943278 1.598190 0.538184 4.005237 8.336335 68.143707 14.188955 11.746293 0.871613 2.559339 0.778449 4.349463 1.202392 13.883840 0.499586 8.635160 0.467169 0.675897 6.439788 123.492371 0.771910 3.613653 1.187058 0.494701 0.761012 1.106472 8.412826 5.077696 0.567145 6.901344 0.537054 9.555172 11.811972 0.848780 1.828461 96.777130 90.781654 0.761076 0.609834 5.911747 0.311131 1.035570 7.779061 4.945519 4.495807 43.765514 13.176378 


10.232135 10.134071 2.675715 0.658223 6.242972 0.529119 2.526456 8.612081 10.937675 71.147270 9.588928 3.530896 0.648180 5.674692 1.293110 0.779165 13.702028 0.755808 9.041661 0.865221 1.031563 5.725593 43.753342 1.805463 0.816307 2.408597 0.480740 1.034189 2.368925 5.213371 25.569052 2.138076 2.339414 0.794710 0.873399 12.395406 0.888890 0.282114 55.930264 89.636734 6.065647 0.670408 7.859571 0.703931 0.813978 6.828540 10.557354 6.687485 5.029956 114.883011 


75.841263 17.964767 7.256009 7.148353 6.796477 0.746793 0.983902 10.429798 6.176519 106.573265 21.563906 1.277863 0.631780 1.168495 0.383319 0.543190 9.805834 6.213813 3.273689 1.881167 0.969297 0.774208 16.116688 0.677738 1.239931 0.974846 5.112998 0.783278 0.508229 10.935713 54.322662 0.752928 1.045761 4.290792 3.548872 12.977191 6.008868 4.416474 36.304272 2.054267 0.885439 0.796166 90.928627 8.677783 0.888904 5.175084 2.434168 7.089110 16.983101 8.985969 


15.798527 62.894878 9.347888 13.001608 7.689025 12.128879 26.866293 188.330338 8.052894 81.854225 55.566875 8.296114 9.671104 14.018226 10.804250 7.577891 151.905548 11.145373 4.598008 6.934844 4.401059 8.519466 38.065308 6.271799 14.569560 13.156142 76.992348 106.327988 8.093443 13.618908 128.037109 9.801136 8.277320 10.360165 7.756464 51.103130 18.915348 9.910714 9.818434 101.932167 109.291618 12.044687 15.631496 6.805415 3.646077 14.516100 111.370003 11.960568 80.462921 54.584538 


113.044846 21.390579 2.244486 72.206749 3.762207 10.583809 10.333732 101.794807 99.963570 15.492386 60.451138 88.039948 9.378874 7.353255 21.797781 52.863201 34.696796 5.647164 110.303322 4.107210 9.200494 4.574173 41.115688 49.941395 8.814925 8.276235 3.051341 9.979015 83.968277 11.047837 58.876438 6.613894 5.236967 9.265810 64.262772 19.238897 17.246925 2.255908 55.695419 34.171089 6.954946 20.785126 83.915909 12.465716 8.800673 10.177626 12.484900 104.704620 12.132369 11.882795 


103.359314 10.605140 9.361432 1.179206 2.737665 1.251772 0.808639 12.452323 6.033686 14.617471 15.280539 1.020324 1.404200 1.446820 1.140718 6.899247 12.763231 0.980929 32.230358 0.330161 3.249391 5.735473 8.546780 5.135952 0.446747 5.573938 0.662315 0.765435 2.223637 9.845979 6.020852 4.049745 0.879414 7.263854 1.374204 86.199883 1.188542 5.377043 12.673767 6.743646 1.315269 0.999254 6.332932 4.506607 11.147940 4.491863 107.007149 5.257060 82.044441 13.335696 


9.198398 7.821113 1.160195 0.904984 0.841833 0.964238 3.625511 103.200455 57.443306 114.313210 12.689207 2.829841 0.567620 0.673494 0.904453 0.977353 106.076294 0.673860 3.140077 3.001471 2.561583 0.617458 12.337371 0.429718 0.613906 0.405215 0.646739 5.657846 4.717522 9.372614 8.043467 3.223066 0.634078 0.900941 0.737884 5.463135 1.262009 3.452613 89.688065 14.610650 0.704350 0.653006 11.776140 1.604991 0.704339 30.189747 6.450563 115.852646 4.731211 9.066463 


7.587640 9.209101 0.965338 0.876127 5.450155 1.202853 0.327441 8.947583 8.754427 38.218006 6.437141 3.301333 1.973972 9.412742 1.002137 0.826100 15.528666 1.128623 8.495749 6.731753 0.850288 0.889936 11.994032 0.884593 4.256043 0.774476 5.586481 0.715731 5.585561 12.732615 12.294822 0.503346 5.606551 2.559270 0.953827 82.113503 6.469068 0.708719 13.135647 3.954655 4.265491 0.435367 4.872319 4.585714 0.691896 6.980649 30.793198 3.572324 115.867485 91.613258 


21.949057 75.564903 116.273430 11.664664 90.878426 114.512817 16.022064 17.692842 24.367537 133.905380 22.936159 118.266876 49.444775 54.932178 3.981627 9.717278 19.527571 16.545643 139.750946 5.798165 12.427112 65.329208 17.325851 5.446502 11.556109 7.904701 15.720853 8.908682 9.014703 44.357895 113.118729 10.144430 4.532516 60.838245 7.796522 171.190491 11.562542 5.710126 116.361359 104.979813 130.651901 72.811768 162.625473 8.077761 13.284114 19.244202 121.592728 9.448578 14.534716 21.327051 


18.996927 152.245041 15.039342 7.799486 18.003969 4.984869 6.538990 17.715229 146.021362 15.477390 20.163013 5.945947 117.147522 69.246918 10.652225 29.428854 173.278961 5.431114 16.836388 9.227119 67.639160 6.393940 128.030960 9.258893 11.077061 12.035911 9.084335 106.676483 11.082175 14.167218 63.838482 7.626040 8.680701 11.074501 67.642891 12.545647 8.721189 3.820425 97.492813 11.008286 75.643059 71.083511 38.504551 10.143373 3.931314 7.887446 14.702752 13.690001 45.766296 110.623077 


101.610535 11.754430 0.465728 0.558592 2.947574 0.767466 0.689407 10.556323 66.576584 10.697406 136.555695 0.926986 1.214052 1.320893 4.387795 1.240815 21.166029 6.661807 2.194021 0.487931 3.376338 0.401862 108.029884 2.176496 3.543811 1.088344 0.909198 0.889261 2.832439 4.736317 1.917025 0.508459 2.166803 0.975208 0.705899 11.985895 1.107032 0.695029 5.041020 90.699455 4.507971 1.248457 6.248750 0.693682 4.976800 4.030785 17.681805 12.313824 66.684975 9.761680 


87.985680 45.859192 7.902984 11.679650 12.347816 6.266542 13.045108 12.510625 137.070602 13.099102 17.817276 6.050891 10.115776 65.714348 7.868772 102.924614 11.993608 3.871866 14.267126 14.157891 7.443649 36.327042 69.606003 10.442678 11.310876 9.179420 12.533011 34.066158 124.489983 9.505127 73.699738 91.757629 4.277463 127.724648 57.715958 25.783316 7.705307 7.706375 11.509623 15.940626 7.410976 8.678329 58.583450 13.123421 3.531092 109.180626 22.999086 13.652099 36.741997 8.162605 


8.578944 9.261318 2.605383 6.980803 11.463317 65.124474 6.501966 20.661116 84.812027 7.410973 12.473830 6.315264 7.209262 13.195074 3.100211 4.963367 8.788287 5.587715 5.140974 87.480545 54.706795 9.241418 83.310257 9.237915 5.036255 11.832127 23.516279 9.305143 9.254575 65.411339 7.741498 13.346335 7.447309 16.394220 5.619581 106.344162 36.614841 5.004783 10.529182 5.299324 4.648770 6.577209 13.718244 70.115601 4.107583 64.109367 18.794952 67.402092 13.672335 90.893990 


206.473038 13.927371 69.085709 18.020990 15.683126 6.903696 64.419022 19.401604 21.743523 59.158272 107.438156 10.106446 8.448996 9.508740 10.167981 57.919708 22.909811 129.241730 115.432884 6.926501 84.238960 10.874652 18.381708 106.328102 10.972441 54.785778 11.966046 52.354527 121.846306 88.837555 84.547592 13.309175 16.030905 11.253787 10.911384 135.210587 80.007149 47.570621 13.106009 20.282173 5.451626 68.435074 17.865370 13.363876 11.087115 21.911205 17.307608 68.470123 94.687469 13.162716 


4.488755 12.745714 5.184146 1.306019 0.930810 0.611898 4.847678 7.000869 146.819305 14.375549 14.878096 0.967382 0.426455 0.805523 1.326548 0.861495 118.521637 6.025021 11.217083 8.037747 7.752818 1.094978 4.344868 0.971984 0.663509 0.875705 3.471674 0.766844 0.963673 8.670067 9.775263 3.393264 8.325656 3.825692 0.722199 12.945121 1.002577 1.016101 36.540108 9.120543 0.630462 1.795327 127.734940 4.534660 1.359285 6.716074 10.646004 119.963005 11.221942 11.094206 


58.946007 11.289811 4.529408 0.603708 1.215917 1.115600 4.980967 7.064674 8.138588 46.335522 9.495977 1.104666 3.421147 1.051775 7.819995 0.894507 20.469969 0.988984 97.773872 1.616318 3.570454 4.474248 16.379221 0.691977 1.060227 1.367756 0.908341 0.628404 0.723159 9.611438 7.443417 0.529133 0.641444 0.564670 0.613120 8.447468 2.812268 3.132211 51.936947 15.262522 2.731623 3.605470 13.040402 1.089334 0.722194 9.735709 4.101233 34.122189 63.154877 60.553856 


81.798523 45.709209 5.232198 0.869943 6.653329 6.326089 0.749406 5.988510 128.961929 5.444666 13.071677 2.758034 0.859289 0.451930 6.694486 6.746793 14.735635 1.012903 9.702400 0.510584 1.026522 0.400375 6.369720 4.664182 5.984783 0.808609 0.915317 0.541177 2.606510 8.504737 10.011518 1.746897 0.778189 0.893381 0.941854 7.791005 12.335629 0.980939 4.028151 12.697439 0.567113 0.783930 6.738423 5.135535 0.582695 9.195729 4.533242 24.315264 110.477425 5.656617 


9.381824 85.472046 0.584741 2.125643 1.115065 5.509836 0.749480 10.665725 6.468405 4.266028 6.937922 1.084078 0.955830 0.657964 0.945173 1.012305 19.707417 0.437673 70.511665 1.168076 0.425016 5.580096 127.304214 0.851887 0.984715 0.686368 0.833280 0.728431 3.284763 9.701419 1.692608 8.927766 0.260272 0.853442 4.919253 92.004562 0.873455 0.679136 3.016087 10.052476 1.087375 0.788240 5.800670 0.584783 0.979360 5.602582 10.370498 8.508879 6.745115 13.450430 


83.581253 7.567587 1.044461 0.814277 6.822479 0.677072 4.892848 9.236878 9.115404 4.788583 10.861887 0.877341 0.676782 0.683831 0.589102 5.069002 7.718722 5.420670 7.450665 0.565598 0.994378 2.094834 11.866695 1.446599 2.728039 5.594089 0.887824 0.760776 0.822982 10.049042 45.918472 5.185989 0.685666 6.404952 1.043585 130.453308 0.878058 2.071036 10.008279 86.688438 0.827907 6.780003 8.644430 0.475490 0.601487 63.725704 6.739500 14.645452 89.935417 11.744092 


55.057743 2.853907 0.973226 0.418621 0.391194 0.678794 2.537036 12.852202 12.334747 39.132298 132.800964 0.799748 0.956379 5.611213 0.676860 0.938551 8.348777 0.704419 4.090475 0.672949 0.962956 0.567107 17.164803 0.771869 0.950121 0.347161 0.634957 4.767019 0.776720 3.885614 26.563644 0.904219 0.460836 2.358107 0.750317 15.227285 0.455104 0.958472 3.620576 11.724984 0.432612 3.154709 10.240215 0.646461 1.070889 68.185913 88.075539 11.470248 17.751448 5.579632 


41.739311 3.222114 8.968354 0.960236 1.306619 0.514588 0.934026 78.716301 16.234377 9.555060 129.811722 0.981453 8.761691 10.064162 1.313128 7.371149 14.519149 2.326474 26.976421 0.763659 1.291337 0.903325 11.271734 1.120898 1.130539 1.109527 0.823016 1.106944 0.990896 8.400903 6.688275 7.416208 3.333769 1.429608 1.154231 13.291887 1.465067 0.829073 6.452309 4.085714 0.532203 4.136677 9.727055 0.919854 0.932482 12.183094 10.032652 10.616294 4.453495 9.795215 


175.314117 16.746469 13.097384 5.384598 7.269785 11.330832 13.446997 13.881486 189.104645 15.771196 26.412079 6.070518 10.433332 5.728363 52.912899 94.590454 185.999008 8.940084 10.913635 11.520848 13.380181 44.854877 9.334795 7.331332 119.954193 130.745667 108.354645 51.785774 11.391302 11.164236 19.794357 12.833840 35.991611 6.618132 5.080601 132.309586 11.926472 63.982021 40.847443 102.611732 10.562811 5.287628 10.033247 99.455887 8.970490 11.442608 71.257317 112.309792 103.214172 14.674068 


9.803980 10.578826 9.236979 8.837555 0.561418 0.625081 4.454597 13.117646 13.950363 8.820171 6.149847 1.029871 4.307271 0.762466 0.654310 1.267659 10.523105 0.936380 34.874763 0.590948 0.874509 0.722058 11.825893 0.570809 7.983499 4.136037 0.758283 2.784325 3.801592 39.936054 5.858119 0.451471 2.996480 0.785266 0.746528 13.557444 3.752586 0.672287 7.557489 95.405571 1.349562 6.261088 66.159805 3.188544 0.924318 4.456685 4.003513 3.776081 9.836191 11.390746 


9.632177 17.362196 0.966970 0.959345 5.133767 6.260688 4.180902 121.292099 50.359451 6.408412 9.628670 0.559175 1.151384 0.650160 0.807480 2.763243 5.001845 1.028323 10.628485 8.256789 5.610383 1.845471 11.721889 0.947759 0.795752 0.916056 11.054811 0.990421 4.646952 7.650990 8.523314 0.926676 0.913600 1.341318 6.873534 10.326690 1.296684 0.672790 13.765623 7.297323 2.880619 2.639627 9.909931 1.153388 0.620007 4.879456 4.212277 9.939504 73.889542 101.063385 


5.771945 117.905640 0.834559 0.397925 0.953512 0.998467 2.699421 6.591098 7.205338 126.571587 58.591637 0.774143 0.740726 8.548903 0.720297 0.446795 8.339749 0.459550 2.007935 0.466713 0.762182 6.608834 97.957558 6.730716 1.186102 1.110682 5.106609 0.606078 4.986466 10.969574 2.176344 0.880908 0.226138 5.018517 0.651728 9.777474 4.413263 0.784881 13.577452 89.149979 0.400670 0.910644 10.212262 0.776494 5.433699 2.806429 9.460719 9.068204 7.977916 14.159156 


11.336017 4.715105 8.403406 2.625715 5.130375 0.768035 0.980681 13.549924 4.803705 7.976323 123.155411 0.263644 0.696584 4.269288 6.188174 0.654522 97.718025 0.963114 8.744998 1.643360 0.463746 0.282740 10.559308 0.951867 0.794858 0.762750 6.256989 0.376118 0.625147 6.398723 10.488588 5.787933 0.971431 0.794587 3.868753 106.111046 0.611657 0.774309 9.257566 79.436829 0.852126 4.889860 13.061181 3.449500 5.435963 4.339633 6.245518 8.501747 4.990666 59.035503 


61.411655 11.495914 0.690389 6.985704 0.728894 0.962530 5.348791 121.137695 9.408537 12.489699 66.470627 5.640896 1.791972 0.864400 1.111737 1.124750 8.100532 1.088209 21.775852 1.981382 3.224704 2.396253 2.782093 2.284651 0.850435 1.213544 0.610627 3.473774 3.666179 107.673599 4.066916 0.905494 0.822506 0.787730 0.221427 9.849513 0.323332 2.088693 8.533835 9.268073 2.471607 0.789996 90.329491 5.548473 4.907598 9.868830 23.643333 82.904083 6.659851 115.950455 


8.275027 57.406914 3.129736 12.545408 0.795126 0.381321 8.032282 15.041937 11.398648 119.829201 10.394597 1.641272 0.498036 0.806766 7.461146 0.713984 89.761818 2.140279 91.069954 0.584166 1.717499 1.003335 64.950127 2.386572 1.195557 1.173473 0.993636 7.408258 0.314895 3.003344 3.317726 3.988796 0.522778 0.704567 1.228768 59.759785 15.279360 6.782450 53.343594 31.770355 1.307087 0.833236 12.071839 1.000073 0.852858 62.387978 11.616035 11.071682 5.627421 130.407730 


8.019945 72.693672 0.615548 0.740240 6.776698 0.604005 0.737354 14.949444 86.806534 56.830910 10.408479 1.068475 0.763716 7.170248 1.906433 0.444094 14.756050 0.880723 9.016199 5.838170 1.143596 0.286412 7.257271 0.507913 1.102058 0.767844 0.959088 2.120834 0.755180 9.489627 2.384145 0.709486 9.156357 0.949738 0.409925 16.004045 6.879298 4.415566 9.006972 10.894805 5.226431 3.609735 4.617990 0.819079 0.436731 117.359665 4.460371 8.871991 13.337192 10.221844 


135.869690 52.694252 7.864387 127.310364 5.096493 11.367577 138.525406 19.702030 17.720776 19.388851 18.369118 77.161667 6.674555 9.144952 143.582626 4.750268 112.620338 141.235031 112.641113 50.625504 131.200058 136.827148 10.776782 17.645485 81.463539 7.571800 92.001038 50.576435 10.997164 14.524099 151.950302 13.087209 5.799279 81.830856 13.293638 10.343472 98.803848 11.215762 23.466600 148.268875 10.836680 97.320717 116.908943 104.130806 109.039551 50.476643 16.767708 14.264737 125.134956 96.206955 


19.881695 141.161484 6.912818 110.949974 11.900537 77.650261 6.117412 13.508213 11.894948 141.039276 22.399462 123.725891 74.372635 14.513290 5.549277 104.131119 101.588638 8.427994 8.334644 14.415285 9.275819 13.713346 113.442108 62.830898 5.728292 8.992127 11.509245 4.860400 12.423440 14.539474 16.883413 13.897324 52.043606 127.071701 9.020623 109.829163 129.399109 10.888561 136.409302 117.335609 120.127144 9.500614 79.842270 60.821686 17.785555 16.497139 122.500946 21.844290 16.909254 75.786919 


7.519268 10.347631 4.331983 1.242878 1.125268 7.167405 1.015986 8.859318 107.427391 107.257263 78.503159 0.792481 0.590042 1.503465 1.097492 1.434343 13.223050 1.163943 7.153844 3.732423 0.751639 2.775115 11.906713 3.786904 1.645363 0.633748 0.806644 1.899077 5.778105 9.380256 101.874847 0.725301 0.895992 0.616023 0.386439 9.488894 1.107119 5.728273 12.309848 102.767326 2.699721 0.900108 8.024345 10.626568 1.040537 10.004383 3.927798 7.160307 13.274878 12.262556 


6.280503 16.879499 1.065489 6.483596 1.284035 1.040733 3.471098 8.526135 8.889205 10.580439 8.121451 1.003354 0.743317 1.282641 4.956372 0.882187 90.261070 0.774786 23.487909 0.428875 0.872833 0.692700 7.821997 0.328883 0.611725 0.298265 1.097736 2.584915 2.076727 73.695831 4.910990 1.079390 2.962850 0.722027 1.987952 13.043968 0.385383 3.496347 61.849339 11.399987 5.667336 0.589868 8.056698 8.154487 3.187557 3.042065 13.871202 4.789764 95.162338 10.143100 


13108.43 


15589.85 


15017.38 


15757.46 


19635.68 


13636.60 


14572.57 


20428.53 


13688.78 


19907.64 


11683.06 


18582.25 


15422.54 


17558.84 


16757.84 


18170.38 


12384.38 


14513.98 


13138.45 


14402.34 


16097.33 


18183.21 


19808.54 


12938.50 


17549.52 


17364.13 


17940.40 


12660.13 


16204.02 


20574.56 


13791.67 


18751.31 


15373.57 


13813.83 


18569.14 


18340.90 


15300.41 


20722.64 


17190.99 


18100.43 


20956.70 


13519.14 


12212.11 


18727.41 


19489.36 


20057.46 


14264.17 


16164.96 


20742.17 


13012.82 
